Index SegId NVoxels Volume_mm3 StructName Mean StdDev Min Max Range
 40 1001       390     3120.0  ctx-lh-bankssts                    1.1971     0.0805     0.9174     1.3408     0.4234 
 41 1002       267     2136.0  ctx-lh-caudalanteriorcingulate     1.1454     0.0661     0.9595     1.3043     0.3448 
 42 1003       774     6192.0  ctx-lh-caudalmiddlefrontal         1.0566     0.1194     0.6998     1.3236     0.6237 
 43 1005       264     2112.0  ctx-lh-cuneus                      1.1210     0.0562     0.9819     1.2551     0.2732 
 44 1006       199     1592.0  ctx-lh-entorhinal                  1.1536     0.0726     0.9452     1.3345     0.3893 
 45 1007      1156     9248.0  ctx-lh-fusiform                    1.1543     0.1308     0.7272     1.4634     0.7362 
 46 1008      1288    10304.0  ctx-lh-inferiorparietal            1.0921     0.1171     0.7895     1.3827     0.5932 
 47 1009      1562    12496.0  ctx-lh-inferiortemporal            1.1527     0.1610     0.7421     1.4609     0.7188 
 48 1010       345     2760.0  ctx-lh-isthmuscingulate            1.1228     0.0862     0.8792     1.3340     0.4548 
 49 1011      1301    10408.0  ctx-lh-lateraloccipital            1.0138     0.1416     0.7119     1.3851     0.6731 
 50 1012      1057     8456.0  ctx-lh-lateralorbitofrontal        1.1763     0.1206     0.7553     1.5322     0.7769 
 51 1013       571     4568.0  ctx-lh-lingual                     1.1530     0.0832     0.8650     1.3608     0.4958 
 52 1014       723     5784.0  ctx-lh-medialorbitofrontal         1.1164     0.1075     0.7898     1.2964     0.5067 
 53 1015      1355    10840.0  ctx-lh-middletemporal              1.1449     0.1312     0.7909     1.4245     0.6336 
 54 1016       238     1904.0  ctx-lh-parahippocampal             1.1310     0.0794     0.8520     1.3152     0.4631 
 55 1017       402     3216.0  ctx-lh-paracentral                 1.1289     0.0832     0.8576     1.2960     0.4383 
 56 1018       632     5056.0  ctx-lh-parsopercularis             1.0886     0.1506     0.7569     1.3835     0.6266 
 57 1019       300     2400.0  ctx-lh-parsorbitalis               1.0863     0.0747     0.8638     1.2980     0.4342 
 58 1020       495     3960.0  ctx-lh-parstriangularis            1.1027     0.1034     0.8535     1.3237     0.4702 
 59 1021       251     2008.0  ctx-lh-pericalcarine               1.1113     0.0579     0.9073     1.2344     0.3270 
 60 1022      1197     9576.0  ctx-lh-postcentral                 0.9735     0.1524     0.4863     1.3218     0.8355 
 61 1023       370     2960.0  ctx-lh-posteriorcingulate          1.1707     0.0698     0.9242     1.3177     0.3935 
 62 1024      1417    11336.0  ctx-lh-precentral                  1.0123     0.1568     0.5738     1.3434     0.7695 
 63 1025      1217     9736.0  ctx-lh-precuneus                   1.1646     0.0928     0.7338     1.3733     0.6396 
 64 1026       340     2720.0  ctx-lh-rostralanteriorcingulate     1.0972     0.0728     0.8121     1.2921     0.4800 
 65 1027      1839    14712.0  ctx-lh-rostralmiddlefrontal        1.0343     0.1427     0.6704     1.3415     0.6712 
 66 1028      2823    22584.0  ctx-lh-superiorfrontal             1.0298     0.1545     0.5783     1.3697     0.7914 
 67 1029      1421    11368.0  ctx-lh-superiorparietal            1.0959     0.1174     0.7743     1.3366     0.5623 
 68 1030      1621    12968.0  ctx-lh-superiortemporal            1.1244     0.1329     0.7931     1.4040     0.6109 
 69 1031      1360    10880.0  ctx-lh-supramarginal               1.0319     0.1689     0.5036     1.3866     0.8830 
 70 1032        79      632.0  ctx-lh-frontalpole                 0.9917     0.0767     0.8208     1.1671     0.3462 
 71 1033       276     2208.0  ctx-lh-temporalpole                1.1664     0.1309     0.6128     1.3615     0.7487 
 72 1034       125     1000.0  ctx-lh-transversetemporal          1.1043     0.0884     0.9342     1.2752     0.3411 
 73 1035       929     7432.0  ctx-lh-insula                      1.1353     0.1225     0.7959     1.4035     0.6076 
 74 2001       334     2672.0  ctx-rh-bankssts                    1.2198     0.0764     0.9273     1.3664     0.4391 
 75 2002       282     2256.0  ctx-rh-caudalanteriorcingulate     1.1390     0.0746     0.9425     1.3391     0.3966 
 76 2003       666     5328.0  ctx-rh-caudalmiddlefrontal         1.0070     0.1472     0.6855     1.3268     0.6413 
 77 2005       314     2512.0  ctx-rh-cuneus                      1.0591     0.0954     0.7746     1.2080     0.4334 
 78 2006       172     1376.0  ctx-rh-entorhinal                  1.2103     0.0769     0.9510     1.3274     0.3764 
 79 2007      1083     8664.0  ctx-rh-fusiform                    1.1567     0.1341     0.7833     1.4543     0.6710 
 80 2008      1393    11144.0  ctx-rh-inferiorparietal            1.1134     0.1482     0.7784     1.3983     0.6198 
 81 2009      1266    10128.0  ctx-rh-inferiortemporal            1.1310     0.1771     0.7411     1.4596     0.7186 
 82 2010       358     2864.0  ctx-rh-isthmuscingulate            1.1394     0.0850     0.9164     1.3604     0.4440 
 83 2011      1259    10072.0  ctx-rh-lateraloccipital            1.0149     0.1514     0.7063     1.3645     0.6582 
 84 2012      1012     8096.0  ctx-rh-lateralorbitofrontal        1.1802     0.1095     0.8248     1.5399     0.7150 
 85 2013       631     5048.0  ctx-rh-lingual                     1.1061     0.1252     0.7494     1.3034     0.5540 
 86 2014       737     5896.0  ctx-rh-medialorbitofrontal         1.1312     0.0842     0.8398     1.3208     0.4810 
 87 2015      1479    11832.0  ctx-rh-middletemporal              1.1783     0.1276     0.8167     1.4160     0.5992 
 88 2016       227     1816.0  ctx-rh-parahippocampal             1.1615     0.0828     0.9724     1.3172     0.3448 
 89 2017       439     3512.0  ctx-rh-paracentral                 1.1485     0.0985     0.7018     1.3254     0.6236 
 90 2018       503     4024.0  ctx-rh-parsopercularis             1.0658     0.1342     0.7227     1.2863     0.5636 
 91 2019       348     2784.0  ctx-rh-parsorbitalis               1.0660     0.1070     0.8404     1.2888     0.4484 
 92 2020       525     4200.0  ctx-rh-parstriangularis            1.0629     0.1327     0.7475     1.3006     0.5531 
 93 2021       254     2032.0  ctx-rh-pericalcarine               1.0922     0.0725     0.9026     1.2336     0.3310 
 94 2022       978     7824.0  ctx-rh-postcentral                 0.9780     0.1235     0.6177     1.2780     0.6603 
 95 2023       456     3648.0  ctx-rh-posteriorcingulate          1.1862     0.0486     0.9882     1.3227     0.3345 
 96 2024      1375    11000.0  ctx-rh-precentral                  0.9942     0.1359     0.7049     1.3428     0.6379 
 97 2025      1310    10480.0  ctx-rh-precuneus                   1.1668     0.0888     0.8491     1.3949     0.5458 
 98 2026       302     2416.0  ctx-rh-rostralanteriorcingulate     1.1152     0.0810     0.9063     1.3041     0.3979 
 99 2027      2031    16248.0  ctx-rh-rostralmiddlefrontal        1.0180     0.1602     0.5875     1.3448     0.7574 
100 2028      2664    21312.0  ctx-rh-superiorfrontal             0.9875     0.1543     0.5963     1.3397     0.7434 
101 2029      1596    12768.0  ctx-rh-superiorparietal            1.0333     0.1407     0.6539     1.3665     0.7126 
102 2030      1485    11880.0  ctx-rh-superiortemporal            1.1207     0.1307     0.8176     1.3808     0.5632 
103 2031      1000     8000.0  ctx-rh-supramarginal               1.0669     0.1325     0.7859     1.4009     0.6150 
104 2032       105      840.0  ctx-rh-frontalpole                 1.0574     0.0723     0.8667     1.2610     0.3943 
105 2033       301     2408.0  ctx-rh-temporalpole                1.2252     0.0935     0.8578     1.3948     0.5370 
106 2034        96      768.0  ctx-rh-transversetemporal          1.0348     0.1069     0.8108     1.2563     0.4455 
107 2035      1007     8056.0  ctx-rh-insula                      1.0841     0.1300     0.7391     1.3382     0.5991 
