Index SegId NVoxels Volume_mm3 StructName Mean StdDev Min Max Range
 40 1001       390     3120.0  ctx-lh-bankssts                    1.2122     0.0821     0.9679     1.3741     0.4062 
 41 1002       267     2136.0  ctx-lh-caudalanteriorcingulate     1.1644     0.0733     0.9628     1.3845     0.4217 
 42 1003       774     6192.0  ctx-lh-caudalmiddlefrontal         1.1399     0.0970     0.8345     1.3550     0.5205 
 43 1005       264     2112.0  ctx-lh-cuneus                      1.1081     0.0492     0.9667     1.2801     0.3134 
 44 1006       199     1592.0  ctx-lh-entorhinal                  1.1979     0.0871     0.9588     1.3896     0.4308 
 45 1007      1156     9248.0  ctx-lh-fusiform                    1.1852     0.1146     0.7989     1.4649     0.6660 
 46 1008      1288    10304.0  ctx-lh-inferiorparietal            1.0834     0.1115     0.7559     1.4036     0.6477 
 47 1009      1562    12496.0  ctx-lh-inferiortemporal            1.1808     0.1401     0.7683     1.4660     0.6977 
 48 1010       345     2760.0  ctx-lh-isthmuscingulate            1.1576     0.0960     0.9154     1.3532     0.4379 
 49 1011      1301    10408.0  ctx-lh-lateraloccipital            0.9969     0.1360     0.7084     1.4150     0.7065 
 50 1012      1057     8456.0  ctx-lh-lateralorbitofrontal        1.2202     0.1294     0.8185     1.7031     0.8846 
 51 1013       571     4568.0  ctx-lh-lingual                     1.1536     0.0807     0.9101     1.3618     0.4518 
 52 1014       723     5784.0  ctx-lh-medialorbitofrontal         1.1893     0.1288     0.7890     1.4298     0.6408 
 53 1015      1355    10840.0  ctx-lh-middletemporal              1.1609     0.1254     0.8385     1.4570     0.6185 
 54 1016       238     1904.0  ctx-lh-parahippocampal             1.1698     0.1003     0.9571     1.4957     0.5386 
 55 1017       402     3216.0  ctx-lh-paracentral                 1.1743     0.0815     0.8966     1.3458     0.4492 
 56 1018       632     5056.0  ctx-lh-parsopercularis             1.1419     0.1234     0.8620     1.4177     0.5556 
 57 1019       300     2400.0  ctx-lh-parsorbitalis               1.1239     0.0986     0.8831     1.3629     0.4798 
 58 1020       495     3960.0  ctx-lh-parstriangularis            1.1614     0.1019     0.9493     1.4065     0.4572 
 59 1021       251     2008.0  ctx-lh-pericalcarine               1.1290     0.0704     1.0056     1.3228     0.3172 
 60 1022      1197     9576.0  ctx-lh-postcentral                 1.0326     0.1396     0.6006     1.4035     0.8029 
 61 1023       370     2960.0  ctx-lh-posteriorcingulate          1.1810     0.0910     0.8676     1.3949     0.5273 
 62 1024      1417    11336.0  ctx-lh-precentral                  1.0915     0.1246     0.7191     1.3831     0.6640 
 63 1025      1217     9736.0  ctx-lh-precuneus                   1.1765     0.0977     0.8370     1.4278     0.5908 
 64 1026       340     2720.0  ctx-lh-rostralanteriorcingulate     1.1534     0.0725     0.9977     1.3749     0.3772 
 65 1027      1839    14712.0  ctx-lh-rostralmiddlefrontal        1.1019     0.1402     0.7140     1.4119     0.6979 
 66 1028      2823    22584.0  ctx-lh-superiorfrontal             1.0919     0.1463     0.6855     1.4484     0.7629 
 67 1029      1421    11368.0  ctx-lh-superiorparietal            1.1184     0.1133     0.8337     1.4082     0.5745 
 68 1030      1621    12968.0  ctx-lh-superiortemporal            1.1413     0.1361     0.7974     1.4512     0.6537 
 69 1031      1360    10880.0  ctx-lh-supramarginal               1.0749     0.1428     0.6222     1.3939     0.7716 
 70 1032        79      632.0  ctx-lh-frontalpole                 1.0027     0.1164     0.7507     1.2495     0.4988 
 71 1033       276     2208.0  ctx-lh-temporalpole                1.1497     0.1247     0.7159     1.4015     0.6856 
 72 1034       125     1000.0  ctx-lh-transversetemporal          1.1033     0.0867     0.9301     1.3006     0.3705 
 73 1035       929     7432.0  ctx-lh-insula                      1.1713     0.1089     0.8674     1.4979     0.6305 
 74 2001       334     2672.0  ctx-rh-bankssts                    1.2166     0.0799     1.0037     1.4317     0.4280 
 75 2002       282     2256.0  ctx-rh-caudalanteriorcingulate     1.1877     0.0687     1.0111     1.3730     0.3619 
 76 2003       666     5328.0  ctx-rh-caudalmiddlefrontal         1.0909     0.1290     0.7621     1.3462     0.5841 
 77 2005       314     2512.0  ctx-rh-cuneus                      1.0875     0.1030     0.8310     1.2997     0.4687 
 78 2006       172     1376.0  ctx-rh-entorhinal                  1.1623     0.0893     0.8431     1.3427     0.4996 
 79 2007      1083     8664.0  ctx-rh-fusiform                    1.1438     0.1311     0.7566     1.4098     0.6532 
 80 2008      1393    11144.0  ctx-rh-inferiorparietal            1.1137     0.1144     0.8047     1.4201     0.6154 
 81 2009      1266    10128.0  ctx-rh-inferiortemporal            1.1421     0.1493     0.7367     1.4460     0.7094 
 82 2010       358     2864.0  ctx-rh-isthmuscingulate            1.1648     0.0981     0.8614     1.3729     0.5115 
 83 2011      1259    10072.0  ctx-rh-lateraloccipital            1.0325     0.1410     0.6993     1.3413     0.6420 
 84 2012      1012     8096.0  ctx-rh-lateralorbitofrontal        1.2249     0.1298     0.8844     1.6210     0.7365 
 85 2013       631     5048.0  ctx-rh-lingual                     1.1417     0.1207     0.7580     1.3528     0.5949 
 86 2014       737     5896.0  ctx-rh-medialorbitofrontal         1.2239     0.0982     0.8632     1.4422     0.5790 
 87 2015      1479    11832.0  ctx-rh-middletemporal              1.1918     0.1076     0.8545     1.4493     0.5948 
 88 2016       227     1816.0  ctx-rh-parahippocampal             1.1674     0.0865     0.8951     1.3873     0.4922 
 89 2017       439     3512.0  ctx-rh-paracentral                 1.1795     0.0916     0.7748     1.4407     0.6659 
 90 2018       503     4024.0  ctx-rh-parsopercularis             1.1183     0.1303     0.7706     1.4110     0.6405 
 91 2019       348     2784.0  ctx-rh-parsorbitalis               1.0287     0.1310     0.8021     1.3375     0.5354 
 92 2020       525     4200.0  ctx-rh-parstriangularis            1.0764     0.1439     0.7586     1.3558     0.5973 
 93 2021       254     2032.0  ctx-rh-pericalcarine               1.1310     0.0862     0.8893     1.2890     0.3997 
 94 2022       978     7824.0  ctx-rh-postcentral                 1.0200     0.1088     0.7284     1.3203     0.5919 
 95 2023       456     3648.0  ctx-rh-posteriorcingulate          1.2113     0.0746     0.9700     1.3746     0.4046 
 96 2024      1375    11000.0  ctx-rh-precentral                  1.0435     0.1248     0.7212     1.3592     0.6379 
 97 2025      1310    10480.0  ctx-rh-precuneus                   1.1750     0.0905     0.8990     1.4193     0.5203 
 98 2026       302     2416.0  ctx-rh-rostralanteriorcingulate     1.1593     0.0738     0.9887     1.3975     0.4088 
 99 2027      2031    16248.0  ctx-rh-rostralmiddlefrontal        1.0621     0.1719     0.6024     1.4550     0.8526 
100 2028      2664    21312.0  ctx-rh-superiorfrontal             1.0800     0.1483     0.6155     1.4528     0.8373 
101 2029      1596    12768.0  ctx-rh-superiorparietal            1.0551     0.1117     0.7489     1.3758     0.6269 
102 2030      1485    11880.0  ctx-rh-superiortemporal            1.1547     0.1231     0.8584     1.4797     0.6213 
103 2031      1000     8000.0  ctx-rh-supramarginal               1.0753     0.1068     0.8402     1.3502     0.5100 
104 2032       105      840.0  ctx-rh-frontalpole                 1.1082     0.0908     0.9008     1.3199     0.4191 
105 2033       301     2408.0  ctx-rh-temporalpole                1.2144     0.0920     0.8844     1.4612     0.5767 
106 2034        96      768.0  ctx-rh-transversetemporal          1.0751     0.0859     0.9157     1.2894     0.3737 
107 2035      1007     8056.0  ctx-rh-insula                      1.1274     0.1273     0.7194     1.4620     0.7426 
