Index SegId NVoxels Volume_mm3 StructName Mean StdDev Min Max Range
 40 1001       390     3120.0  ctx-lh-bankssts                    1.2494     0.0887     0.9336     1.4287     0.4951 
 41 1002       267     2136.0  ctx-lh-caudalanteriorcingulate     1.1849     0.0781     1.0464     1.4155     0.3691 
 42 1003       774     6192.0  ctx-lh-caudalmiddlefrontal         1.1469     0.1303     0.7825     1.4430     0.6605 
 43 1005       264     2112.0  ctx-lh-cuneus                      1.1468     0.0617     0.9868     1.3245     0.3377 
 44 1006       199     1592.0  ctx-lh-entorhinal                  1.1486     0.0980     0.8683     1.3674     0.4991 
 45 1007      1156     9248.0  ctx-lh-fusiform                    1.1382     0.1526     0.6988     1.4815     0.7827 
 46 1008      1288    10304.0  ctx-lh-inferiorparietal            1.1314     0.1201     0.7504     1.4324     0.6820 
 47 1009      1562    12496.0  ctx-lh-inferiortemporal            1.1505     0.1846     0.6832     1.5065     0.8232 
 48 1010       345     2760.0  ctx-lh-isthmuscingulate            1.1679     0.1064     0.8940     1.3702     0.4762 
 49 1011      1301    10408.0  ctx-lh-lateraloccipital            0.9772     0.1791     0.5578     1.3852     0.8273 
 50 1012      1057     8456.0  ctx-lh-lateralorbitofrontal        1.2248     0.1303     0.8323     1.6824     0.8500 
 51 1013       571     4568.0  ctx-lh-lingual                     1.1487     0.0890     0.8556     1.3559     0.5003 
 52 1014       723     5784.0  ctx-lh-medialorbitofrontal         1.1958     0.1159     0.8210     1.4626     0.6417 
 53 1015      1355    10840.0  ctx-lh-middletemporal              1.1618     0.1578     0.7502     1.5065     0.7563 
 54 1016       238     1904.0  ctx-lh-parahippocampal             1.1250     0.1040     0.8548     1.3673     0.5125 
 55 1017       402     3216.0  ctx-lh-paracentral                 1.1930     0.1062     0.9122     1.4467     0.5345 
 56 1018       632     5056.0  ctx-lh-parsopercularis             1.1565     0.1458     0.7844     1.4409     0.6565 
 57 1019       300     2400.0  ctx-lh-parsorbitalis               1.1034     0.0765     0.8878     1.3136     0.4258 
 58 1020       495     3960.0  ctx-lh-parstriangularis            1.1770     0.1038     0.8855     1.3971     0.5116 
 59 1021       251     2008.0  ctx-lh-pericalcarine               1.1182     0.0722     0.8878     1.2616     0.3738 
 60 1022      1197     9576.0  ctx-lh-postcentral                 1.0363     0.1442     0.5789     1.3661     0.7873 
 61 1023       370     2960.0  ctx-lh-posteriorcingulate          1.1869     0.0873     0.8388     1.3438     0.5049 
 62 1024      1417    11336.0  ctx-lh-precentral                  1.0919     0.1485     0.6277     1.3769     0.7492 
 63 1025      1217     9736.0  ctx-lh-precuneus                   1.2150     0.1069     0.8267     1.5054     0.6787 
 64 1026       340     2720.0  ctx-lh-rostralanteriorcingulate     1.1596     0.0617     0.9471     1.3184     0.3713 
 65 1027      1839    14712.0  ctx-lh-rostralmiddlefrontal        1.0941     0.1404     0.7281     1.3771     0.6490 
 66 1028      2823    22584.0  ctx-lh-superiorfrontal             1.0877     0.1610     0.6572     1.4677     0.8106 
 67 1029      1421    11368.0  ctx-lh-superiorparietal            1.1416     0.1181     0.7464     1.4421     0.6957 
 68 1030      1621    12968.0  ctx-lh-superiortemporal            1.1866     0.1300     0.8375     1.4954     0.6579 
 69 1031      1360    10880.0  ctx-lh-supramarginal               1.0877     0.1548     0.6087     1.4519     0.8432 
 70 1032        79      632.0  ctx-lh-frontalpole                 0.9677     0.1010     0.7814     1.1847     0.4033 
 71 1033       276     2208.0  ctx-lh-temporalpole                1.1141     0.1439     0.6875     1.3625     0.6750 
 72 1034       125     1000.0  ctx-lh-transversetemporal          1.1646     0.0950     0.9909     1.4016     0.4107 
 73 1035       929     7432.0  ctx-lh-insula                      1.2061     0.1422     0.8076     1.6093     0.8017 
 74 2001       334     2672.0  ctx-rh-bankssts                    1.2479     0.0792     0.9658     1.4109     0.4451 
 75 2002       282     2256.0  ctx-rh-caudalanteriorcingulate     1.2036     0.0906     0.9963     1.4346     0.4383 
 76 2003       666     5328.0  ctx-rh-caudalmiddlefrontal         1.0997     0.1528     0.7665     1.3921     0.6257 
 77 2005       314     2512.0  ctx-rh-cuneus                      1.0948     0.1106     0.7911     1.2765     0.4854 
 78 2006       172     1376.0  ctx-rh-entorhinal                  1.1771     0.0943     0.8533     1.3384     0.4850 
 79 2007      1083     8664.0  ctx-rh-fusiform                    1.1365     0.1618     0.7035     1.4851     0.7816 
 80 2008      1393    11144.0  ctx-rh-inferiorparietal            1.1212     0.1460     0.7803     1.4160     0.6357 
 81 2009      1266    10128.0  ctx-rh-inferiortemporal            1.1174     0.1955     0.6190     1.4582     0.8392 
 82 2010       358     2864.0  ctx-rh-isthmuscingulate            1.1844     0.1075     0.9381     1.3880     0.4499 
 83 2011      1259    10072.0  ctx-rh-lateraloccipital            0.9869     0.1917     0.5284     1.4494     0.9211 
 84 2012      1012     8096.0  ctx-rh-lateralorbitofrontal        1.2193     0.1330     0.8105     1.4673     0.6567 
 85 2013       631     5048.0  ctx-rh-lingual                     1.1299     0.1406     0.7882     1.3639     0.5756 
 86 2014       737     5896.0  ctx-rh-medialorbitofrontal         1.2088     0.0945     0.8628     1.4123     0.5495 
 87 2015      1479    11832.0  ctx-rh-middletemporal              1.1960     0.1328     0.7660     1.4763     0.7103 
 88 2016       227     1816.0  ctx-rh-parahippocampal             1.1772     0.1165     0.8515     1.4416     0.5901 
 89 2017       439     3512.0  ctx-rh-paracentral                 1.1935     0.0959     0.8641     1.4192     0.5551 
 90 2018       503     4024.0  ctx-rh-parsopercularis             1.1367     0.1411     0.7730     1.3682     0.5951 
 91 2019       348     2784.0  ctx-rh-parsorbitalis               1.0563     0.1285     0.7795     1.3215     0.5420 
 92 2020       525     4200.0  ctx-rh-parstriangularis            1.1087     0.1628     0.7313     1.4228     0.6915 
 93 2021       254     2032.0  ctx-rh-pericalcarine               1.1348     0.1091     0.8676     1.3604     0.4928 
 94 2022       978     7824.0  ctx-rh-postcentral                 1.0253     0.1262     0.6874     1.3921     0.7047 
 95 2023       456     3648.0  ctx-rh-posteriorcingulate          1.2373     0.0786     0.9336     1.4556     0.5220 
 96 2024      1375    11000.0  ctx-rh-precentral                  1.0539     0.1405     0.7219     1.4136     0.6918 
 97 2025      1310    10480.0  ctx-rh-precuneus                   1.2044     0.1076     0.8661     1.4933     0.6272 
 98 2026       302     2416.0  ctx-rh-rostralanteriorcingulate     1.1822     0.0955     0.9609     1.4033     0.4424 
 99 2027      2031    16248.0  ctx-rh-rostralmiddlefrontal        1.0676     0.1867     0.6306     1.4981     0.8675 
100 2028      2664    21312.0  ctx-rh-superiorfrontal             1.0630     0.1627     0.6222     1.4559     0.8337 
101 2029      1596    12768.0  ctx-rh-superiorparietal            1.0698     0.1349     0.7046     1.4032     0.6985 
102 2030      1485    11880.0  ctx-rh-superiortemporal            1.1530     0.1432     0.7635     1.4166     0.6530 
103 2031      1000     8000.0  ctx-rh-supramarginal               1.0984     0.1275     0.8186     1.3843     0.5656 
104 2032       105      840.0  ctx-rh-frontalpole                 1.0708     0.0747     0.8863     1.2909     0.4046 
105 2033       301     2408.0  ctx-rh-temporalpole                1.2163     0.1002     0.8095     1.3609     0.5514 
106 2034        96      768.0  ctx-rh-transversetemporal          1.1024     0.1352     0.8152     1.3516     0.5364 
107 2035      1007     8056.0  ctx-rh-insula                      1.1661     0.1481     0.7496     1.4526     0.7031 
